0 1 2 3 4 5 6 7 8 9 10 11 12 13 14 15 16 17 18 19 20 21 22 23 24 25 26 27 28 29 
30 31 32 
33 34 35 
36 37 38 39 40 41 42 43 44 45 46 
38 39 47 48 
38 39 48 49 50 51 52 53 54 55 56 57 58 
32 41 59 60 61 62 
3 39 48 
63 64 65 66 67 68 
32 69 
48 70 71 72 
39 73 74 75 76 77 78 79 
36 38 39 41 48 79 80 81 
82 83 84 
41 85 86 87 88 
39 48 89 90 91 92 93 94 95 96 97 98 99 100 101 
36 38 39 48 89 
39 41 102 103 104 105 106 107 108 
38 39 41 109 110 
39 111 112 113 114 115 116 117 118 
119 120 121 122 123 124 125 126 127 128 129 130 131 132 133 
48 134 135 136 
39 48 137 138 139 140 141 142 143 144 145 146 147 148 149 
39 150 151 152 
38 39 56 153 154 155 
48 156 157 158 159 160 
39 41 48 
161 162 163 164 165 166 167 
38 39 48 168 169 170 171 172 173 
32 39 41 48 174 175 176 177 178 
32 38 39 47 48 179 180 181 182 183 
39 184 185 186 
36 38 41 48 140 187 188 
39 48 186 189 190 191 192 193 194 195 196 197 198 199 200 
39 201 202 203 204 205 206 207 208 209 
39 65 193 210 211 212 213 214 215 
179 216 217 218 219 220 221 222 223 224 
225 226 227 
39 41 48 228 229 230 231 
36 38 39 232 233 234 235 236 237 238 239 240 241 242 
39 243 244 245 
39 41 48 246 247 248 249 250 
39 48 65 251 252 253 
48 230 254 
39 48 66 78 242 255 256 257 258 259 260 261 
39 48 262 
36 38 39 225 263 264 265 266 267 
39 242 268 269 270 271 
39 48 79 146 237 256 272 273 
274 
32 38 39 48 275 276 277 278 279 280 281 282 283 
39 48 68 
38 39 48 95 96 105 284 285 286 287 
39 41 48 212 288 289 290 291 292 293 294 295 296 297 298 299 
300 301 302 
36 38 39 105 303 304 305 306 307 308 309 310 311 312 313 314 315 316 317 318 319 320 321 
10 322 323 324 325 326 327 
39 48 152 161 328 
39 329 330 
48 331 332 333 334 335 336 337 338 339 
18 37 38 41 48 147 340 341 342 343 344 345 346 347 
32 39 41 48 348 349 350 
48 351 352 353 354 355 356 357 358 359 360 361 362 363 364 
365 366 
38 39 41 48 60 367 368 369 370 371 372 373 374 375 
1 11 39 41 48 65 89 376 377 378 379 380 381 382 383 384 385 
386 387 388 389 
38 41 390 
38 55 391 
32 43 151 152 201 258 340 392 393 394 395 396 397 398 399 
338 400 401 402 403 404 
39 405 406 407 
48 89 101 179 186 258 340 408 409 410 411 412 413 414 415 416 417 418 419 420 421 422 
39 45 48 248 423 424 425 426 
141 344 427 428 429 430 431 
39 432 433 434 
39 48 65 435 436 437 438 
15 23 36 38 48 123 229 291 331 337 390 439 440 441 442 443 444 445 446 447 448 449 450 
48 451 452 453 454 455 456 457 458 459 460 
37 38 48 147 174 461 462 463 464 465 466 467 468 469 470 471 
39 48 472 473 474 475 
39 41 476 
477 478 479 
39 161 480 481 482 483 484 485 486 
32 39 41 48 152 237 396 
38 39 41 105 110 487 
60 381 
11 39 48 255 488 489 490 491 492 493 494 495 496 497 498 499 500 
39 
41 110 501 
32 38 39 48 170 178 502 503 
38 41 504 
225 232 347 505 506 507 508 509 510 511 512 513 514 515 
38 39 41 48 170 189 225 270 516 
39 48 
38 39 281 517 
2 518 519 520 
310 521 522 
41 523 524 
48 310 416 521 522 525 526 527 528 529 530 531 
38 39 110 532 
18 38 47 48 89 258 293 338 365 533 534 535 536 537 538 539 540 541 542 543 544 
39 48 106 107 264 308 384 498 545 546 547 548 549 
39 48 312 550 551 552 553 554 555 556 557 558 
32 39 41 48 89 129 255 357 367 368 408 491 552 559 560 561 562 563 564 565 566 567 568 569 570 
38 170 201 571 
39 41 48 572 573 574 575 
38 39 161 281 
36 38 48 78 155 576 577 578 579 580 581 582 583 584 585 586 587 588 589 590 591 
39 48 592 593 594 595 596 597 598 599 600 
39 178 601 602 
38 39 170 207 603 604 605 606 
126 290 292 548 607 608 609 610 611 612 613 614 615 616 617 618 619 620 621 622 623 624 
625 626 
39 48 627 
39 41 48 134 272 475 628 629 630 631 632 633 634 635 636 
39 48 
38 39 41 48 89 110 637 638 639 
38 48 170 242 255 389 604 640 641 642 643 644 645 646 647 
36 38 39 271 
39 
39 89 186 543 648 649 650 651 652 653 654 
41 511 655 656 657 
39 48 658 
39 48 201 659 660 661 662 663 664 665 666 667 668 669 670 671 672 673 674 675 
39 41 676 677 678 679 
39 72 365 
39 680 681 
23 39 41 48 260 357 470 682 683 684 685 686 687 688 689 690 691 692 693 
37 38 39 48 694 
32 39 166 346 533 695 696 697 698 699 700 701 702 703 704 
12 39 578 597 705 706 707 708 709 710 711 712 
39 155 338 713 714 
37 38 39 41 48 170 433 715 716 717 
718 719 
39 48 150 160 720 
19 36 38 39 41 48 248 543 721 722 723 724 725 726 727 728 729 730 731 732 733 734 735 736 737 738 739 740 
41 48 741 742 743 744 745 
10 746 
9 39 41 
747 
359 748 
9 227 715 749 750 751 752 753 754 755 
39 48 68 649 756 757 758 759 760 761 762 763 
209 211 242 618 637 651 764 765 766 
647 767 768 769 
39 41 770 
38 286 359 
38 110 
19 39 284 420 771 772 
39 48 773 774 
37 38 110 334 775 776 777 778 779 
11 39 41 48 67 102 225 228 278 564 780 781 782 783 784 785 786 787 788 789 
38 39 41 790 791 
38 39 48 286 
38 39 41 47 48 61 150 312 441 561 622 649 792 793 794 795 796 797 798 799 800 801 802 803 804 805 
48 768 806 
38 41 170 420 
38 286 
39 41 48 807 808 809 
32 41 420 810 
39 48 89 811 812 
0 39 48 65 120 181 730 813 814 815 816 817 
22 32 39 818 819 
39 41 806 820 821 822 823 
39 48 179 490 570 572 649 723 824 825 826 827 828 829 830 831 832 833 834 
36 38 483 492 740 835 836 837 
38 838 839 840 841 842 
48 798 843 844 845 846 
9 39 48 704 767 809 847 848 849 
9 38 39 170 330 714 850 851 852 853 
39 41 48 854 
237 855 856 
39 45 48 522 535 681 857 858 859 860 
39 48 861 862 
39 48 359 
38 39 48 110 161 863 864 865 866 
441 645 867 868 869 870 871 872 873 874 875 876 877 878 879 880 881 882 883 884 885 
39 41 161 259 260 886 887 888 
39 48 798 859 889 890 
39 48 101 249 255 278 441 479 495 585 678 809 891 892 893 894 895 896 897 898 899 900 901 902 903 904 905 906 
39 907 
48 65 908 909 910 911 912 913 
38 39 48 170 303 494 914 915 
31 39 41 93 916 
209 917 918 919 920 921 
32 38 39 41 47 191 209 348 390 422 441 547 645 877 922 923 924 925 926 927 928 
32 48 270 511 750 929 930 931 932 
32 38 39 41 42 170 178 213 272 511 589 933 934 935 936 937 938 939 940 941 
39 48 942 943 944 945 946 947 948 
38 39 48 286 949 950 951 952 
39 41 349 606 665 953 954 955 956 957 958 
10 39 41 48 959 960 
9 48 96 107 529 549 606 789 961 962 963 964 965 
39 269 384 966 967 
25 32 41 117 185 232 248 340 503 530 533 762 927 968 969 970 971 972 973 974 975 976 977 978 979 980 981 982 
65 76 128 136 185 535 558 612 615 730 913 916 983 984 985 986 987 988 989 990 991 992 993 994 995 996 997 998 999 1000 1001 1002 1003 1004 1005 
1006 1007 1008 
39 389 989 1009 1010 
39 41 48 715 755 1011 1012 1013 1014 1015 1016 1017 
65 101 175 176 178 197 282 301 623 803 806 1018 1019 1020 1021 1022 1023 1024 1025 1026 
39 48 237 1027 
38 84 107 108 110 133 237 249 493 589 604 675 1028 1029 1030 1031 1032 1033 1034 1035 1036 1037 1038 1039 1040 1041 1042 1043 
32 1044 1045 1046 
39 45 48 200 259 282 359 365 396 577 589 593 751 1047 1048 1049 1050 1051 
32 868 1052 1053 1054 
39 41 48 348 352 454 533 693 754 1055 1056 1057 
38 39 249 371 740 
48 571 681 803 967 970 1031 1058 1059 1060 1061 1062 
359 1063 
32 38 48 170 186 365 413 475 548 636 1064 1065 1066 1067 1068 1069 1070 
39 1071 1072 1073 1074 1075 
48 77 101 242 571 616 822 1076 1077 1078 1079 1080 1081 1082 1083 1084 1085 1086 1087 1088 1089 
39 48 255 493 1090 
38 39 48 328 504 984 1091 
48 260 665 
39 41 48 956 1031 1092 1093 1094 
32 
38 170 885 1095 
433 1096 
31 846 1097 1098 1099 1100 1101 1102 1103 
39 48 828 1104 1105 1106 1107 1108 1109 1110 1111 
38 39 48 170 
38 39 41 390 1112 1113 1114 1115 
38 39 41 72 105 208 346 535 1116 1117 1118 1119 1120 1121 1122 1123 1124 1125 1126 1127 1128 
39 41 48 75 1000 1129 1130 
32 612 976 1013 1131 1132 1133 1134 1135 1136 1137 1138 
39 249 1139 1140 1141 1142 1143 1144 
0 39 48 
38 370 
39 48 155 721 766 1062 1145 
32 38 39 41 48 63 110 548 1146 1147 
36 38 39 41 48 55 332 441 561 740 796 797 809 885 910 956 1148 1149 1150 1151 1152 1153 1154 1155 1156 1157 1158 
36 38 48 255 859 1159 1160 1161 
39 48 1003 1162 1163 1164 
39 48 1165 1166 1167 
20 1168 1169 1170 1171 
38 39 41 48 105 1172 1173 
32 39 
48 251 694 809 1144 1174 1175 1176 1177 1178 1179 1180 
48 766 781 996 1181 1182 1183 
39 48 237 493 676 952 1145 1184 1185 
39 48 192 1186 
28 38 39 41 161 978 1187 1188 1189 1190 
39 48 123 220 475 677 1191 1192 1193 1194 
1190 
39 48 730 987 1195 1196 
39 1197 
65 201 266 341 433 522 694 866 1198 1199 1200 1201 1202 1203 1204 1205 1206 1207 
68 261 628 1208 1209 1210 
32 38 41 110 597 1211 1212 1213 1214 
23 39 48 101 255 604 814 1031 1215 1216 1217 1218 1219 
1220 1221 
187 208 270 1051 1206 1222 1223 1224 1225 1226 1227 1228 
38 39 41 48 357 397 533 661 674 790 993 1067 1082 1155 1229 1230 1231 1232 1233 1234 1235 1236 1237 1238 1239 1240 1241 1242 1243 1244 1245 1246 1247 
32 39 43 48 67 117 132 441 475 550 665 789 1248 1249 1250 1251 
38 170 
39 48 677 775 834 1160 1180 1252 1253 1254 1255 1256 1257 1258 1259 1260 
649 825 1261 1262 1263 1264 1265 
39 1266 1267 
39 41 48 1268 1269 1270 1271 1272 1273 
39 48 60 200 208 676 713 952 1274 1275 1276 
36 38 41 338 340 565 668 1277 1278 1279 1280 1281 1282 1283 1284 
39 48 1153 1154 1285 
48 151 152 189 255 525 938 1012 1286 1287 1288 1289 1290 1291 
39 41 48 
38 39 41 48 110 271 1146 1292 
48 1293 1294 
737 1295 1296 
39 48 393 824 1297 1298 1299 1300 1301 1302 1303 1304 1305 1306 1307 
475 830 1274 1308 
37 38 39 41 48 76 445 558 587 739 973 1309 1310 1311 1312 1313 1314 1315 
39 48 49 98 123 237 285 475 875 1018 1135 1316 1317 1318 1319 1320 1321 1322 1323 1324 1325 1326 1327 1328 
1329 1330 
32 185 691 890 1331 1332 1333 
41 48 123 222 255 1334 1335 1336 1337 1338 1339 1340 1341 1342 1343 
39 48 479 1344 1345 
41 48 123 255 413 425 586 622 727 789 1049 1343 1346 1347 1348 1349 1350 1351 1352 
39 48 1173 1353 
38 110 1180 1354 1355 
39 41 95 101 308 309 374 433 685 741 743 753 860 898 979 998 1079 1080 1153 1154 1269 1356 1357 1358 1359 1360 1361 1362 1363 1364 1365 1366 1367 1368 1369 1370 1371 1372 1373 1374 1375 1376 1377 1378 1379 1380 1381 1382 1383 1384 1385 1386 
39 48 334 740 987 1042 1387 1388 1389 1390 1391 
38 39 170 842 
38 39 48 286 1063 1392 
39 1368 1393 1394 
38 48 170 1395 
39 751 
39 48 729 759 880 1236 1396 1397 1398 1399 1400 1401 1402 
20 58 101 364 399 522 549 824 837 846 1004 1403 1404 1405 1406 1407 1408 
749 1409 
36 38 41 255 264 1410 1411 
39 48 1412 1413 1414 
39 521 622 
67 68 69 604 720 1415 1416 1417 1418 1419 1420 
38 39 41 48 101 170 475 714 856 1318 1421 1422 1423 1424 1425 1426 
39 248 584 1043 1281 1427 1428 1429 1430 1431 1432 
39 48 95 195 208 213 809 1216 1433 1434 1435 
1436 1437 1438 
39 264 464 616 750 973 1439 1440 
62 300 1441 
39 41 48 739 824 1442 1443 
39 48 188 1444 1445 1446 
39 45 48 89 334 
301 883 1447 1448 1449 1450 1451 1452 
39 334 1279 
5 200 432 535 581 861 1387 1453 1454 1455 1456 1457 1458 1459 1460 1461 1462 
38 39 290 840 859 1463 1464 
10 39 48 49 1004 1142 1258 1465 1466 1467 1468 1469 1470 
32 39 41 48 301 310 604 719 1082 1277 1471 1472 1473 1474 1475 1476 1477 1478 1479 1480 1481 
36 38 39 270 1129 
39 41 184 204 1387 1465 1482 1483 1484 1485 1486 
1487 
38 39 60 371 1488 
36 38 48 381 1489 1490 
39 41 48 381 1491 
39 48 269 1163 1446 1492 1493 1494 1495 1496 1497 1498 
39 332 1499 1500 1501 
48 
39 41 248 673 1191 1502 
32 136 548 549 1503 
39 302 1166 1191 1330 1504 
39 48 49 1505 1506 1507 1508 
30 39 41 48 593 1235 1509 1510 1511 1512 1513 1514 1515 1516 1517 
38 39 48 49 56 334 740 1402 1518 1519 1520 
1521 
48 1522 1523 1524 
38 48 67 68 76 504 612 789 1525 1526 
39 195 1140 1527 
38 170 1528 1529 
39 48 264 423 1004 1104 1530 
32 39 1531 1532 
717 
39 48 174 441 801 1533 1534 1535 1536 
156 161 310 932 1537 1538 
39 48 714 1307 1436 1530 1539 1540 1541 1542 1543 
9 38 39 48 65 155 170 408 420 479 589 778 824 1062 1267 1342 1433 1544 1545 1546 1547 1548 1549 1550 1551 
1552 
39 
39 48 49 1553 
39 41 331 1554 1555 1556 1557 
39 48 242 
101 289 522 525 758 778 824 1558 1559 1560 
101 378 669 794 824 1561 1562 
32 39 48 141 381 910 1135 1174 1344 1563 1564 1565 1566 1567 
39 793 915 1568 
39 41 94 198 340 548 677 1347 1569 1570 1571 1572 1573 1574 1575 1576 1577 
39 185 261 1291 1578 
32 39 41 48 425 533 592 723 749 1313 1322 1579 1580 1581 1582 1583 1584 1585 1586 1587 1588 1589 
36 38 39 41 89 288 384 479 535 611 966 1590 1591 1592 1593 1594 1595 1596 1597 1598 1599 
38 41 48 170 825 904 1264 1600 1601 1602 1603 1604 1605 1606 1607 1608 
38 39 41 110 170 1609 1610 
48 1611 1612 
38 39 371 1609 1613 1614 
38 48 170 
39 48 246 550 734 930 1146 1615 1616 
39 41 255 259 340 396 535 974 986 1014 1135 1353 1617 1618 1619 1620 1621 1622 1623 1624 1625 1626 1627 
39 41 48 60 155 182 246 535 589 1274 1319 1628 1629 
36 38 39 48 1630 1631 
39 48 49 96 543 639 677 812 924 1004 1144 1414 1593 1629 1632 1633 1634 1635 1636 1637 1638 1639 1640 
1 
39 326 361 665 1484 1641 1642 1643 1644 1645 1646 1647 
39 48 237 1278 1648 
39 41 1649 
727 1650 1651 1652 1653 1654 
38 39 41 48 89 110 495 592 1291 1655 1656 
59 100 161 232 282 314 378 490 492 598 604 1024 1198 1211 1657 1658 1659 1660 1661 1662 1663 1664 1665 1666 1667 1668 1669 
39 48 61 550 598 866 1670 1671 
32 38 39 105 413 824 1363 1672 1673 1674 1675 1676 1677 1678 1679 
39 48 648 1680 1681 1682 1683 1684 1685 1686 
39 41 185 234 1474 1687 1688 1689 1690 1691 1692 
39 297 522 544 1693 1694 1695 1696 1697 1698 1699 
32 36 38 39 740 
38 39 41 48 89 155 161 604 767 790 821 968 1198 1233 1433 1700 
60 101 260 345 418 423 544 640 1113 1121 1616 1701 1702 1703 1704 
39 549 961 1232 1313 1705 1706 
38 41 48 110 501 533 616 653 1105 1251 1557 1707 1708 1709 1710 1711 1712 1713 1714 1715 1716 1717 
39 41 48 276 336 344 570 1130 1207 1465 1601 1718 1719 1720 1721 1722 
32 39 48 299 1011 1723 1724 
117 950 1725 1726 
38 49 681 1232 1343 1727 1728 
39 846 944 1198 
32 48 862 
103 1729 1730 1731 
32 38 1590 
32 38 39 41 170 271 740 1138 1696 1732 
32 41 48 485 542 677 1274 1352 1733 1734 1735 1736 1737 1738 1739 
38 39 41 110 903 978 1740 1741 1742 
36 38 39 41 48 150 248 379 548 570 1214 1642 1743 1744 1745 1746 1747 
161 384 670 
39 41 48 677 1748 1749 1750 
15 99 101 117 180 196 237 310 363 441 550 731 805 976 978 1070 1082 1112 1160 1233 1390 1456 1528 1657 1751 1752 1753 1754 1755 1756 1757 1758 1759 1760 1761 1762 1763 1764 1765 1766 1767 1768 1769 
26 38 39 56 123 276 587 772 947 1517 1770 1771 1772 1773 1774 1775 
39 48 220 592 677 1015 1776 1777 1778 1779 1780 1781 1782 1783 
39 48 179 475 703 727 1631 1699 1770 1775 1784 1785 1786 1787 1788 1789 
38 39 170 1790 1791 1792 1793 
39 48 155 206 535 1764 1794 1795 
39 48 1796 1797 
38 105 1798 
38 371 1799 1800 
39 195 255 789 1002 1528 1690 1758 1801 1802 1803 1804 1805 1806 1807 